0,513
0,512
0,319
14,5
14,4
0,476
10,121
11,12
9,5
8,14
17,2
17,1
17,3
15,2
10,198
10,124
10,71
10,284
10,89
10,155
10,241
10,146
11,25
11,5
11,17
11,7
11,26
11,2
11,3
9,7
9,4
9,1
9,6
9,2
9,3
8,9
8,5
8,7
8,2
8,3
0,465
12,2
12,1
12,3
20,2
20,1
20,3
113,5
113,4
113,3
113,2
113,1
113,0
112,4
112,3
112,2
112,1
112,0
111,4
111,3
111,2
111,1
111,0
110,3
110,2
110,1
110,0
109,3
109,2
109,1
109,0
106,3
106,2
106,1
106,0
96,5
96,4
96,3
96,2
96,1
96,0
93,4
93,3
93,2
93,1
93,0
92,4
92,3
92,2
92,1
92,0
91,5
91,4
91,3
91,2
91,1
91,0
90,4
90,3
90,2
90,1
90,0
89,5
89,4
89,3
89,2
89,1
89,0
87,5
87,4
87,3
87,2
87,1
87,0
85,5
85,4
85,3
85,2
85,1
85,0
83,3
83,1
72,4
72,3
72,1
64,4
64,3
64,1
62,3
62,1
57,4
57,3
57,1
50,3
50,1
44,3
